nbc:192356
nbs:6.63286e-05
nbms:0.0663286
CPI=0.261579
IPC=3.84711
