nbc:2692.7   |56.2
nbs:9.46e-07   |5.74e-08
nbms:0.000946   |5.74e-05
CPI=0.0585633   |0.948184
IPC=44.8783   |1.405
