nbc:187961
nbs:6.47908e-05
nbms:0.0647908
CPI=0.268541
IPC=3.75915
