nbc:191281
nbs:6.5947e-05
nbms:0.065947
CPI=0.261396
IPC=3.82562
