nbc:302221
nbs:0.000104099
nbms:0.104099
CPI=0.165442
IPC=6.04442
