nbc:-129053
nbs:0.000103526
nbms:0.103526
CPI=0.166668
IPC=6.0088
