nbc:191463
nbs:6.6007e-05
nbms:0.066007
CPI=0.261147
IPC=3.82926
