nbc:47339
nbs:1.6364e-05
nbms:0.016364
CPI=1.05621
IPC=0.94678
