nbc:301885
nbs:0.000103988
nbms:0.103988
CPI=0.165626
IPC=6.0377
