nbc:49244.2
nbs:1.70334e-05
nbms:0.0170334
CPI=1.02048
IPC=0.984754
