nbc:3030.6   |154.2
nbs:1.0663e-06   |9.13e-08
nbms:0.0010663   |9.13e-05
CPI=0.0494712   |0.275898
IPC=50.51   |3.855
