nbc:2909.5   |70.9
nbs:1.0233e-06   |5.99e-08
nbms:0.0010233   |5.99e-05
CPI=0.0585735   |0.767322
IPC=48.4917   |1.7725
