nbc:4180.8   |109.3
nbs:1.4802e-06   |6.65e-08
nbms:0.0014802   |6.65e-05
CPI=0.0382395   |0.200222
IPC=139.36   |5.465
