nbc:2779.9   |86.2
nbs:9.793e-07   |6.06e-08
nbms:0.0009793   |6.06e-05
CPI=0.0590364   |0.681867
IPC=46.3317   |2.155
